1.0000000000   0.9899237052   0.9898476772   0.9898464016   0.9898463716   0.9898463702   0.9898463716   0.9898464016   0.9898476772   0.9899237052   
0.9899237052   1.0000000000   0.9899237052   0.9898476772   0.9898464016   0.9898463716   0.9898463702   0.9898463716   0.9898464016   0.9898476772   
0.9898476772   0.9899237052   1.0000000000   0.9899237052   0.9898476772   0.9898464016   0.9898463716   0.9898463702   0.9898463716   0.9898464016   
0.9898464016   0.9898476772   0.9899237052   1.0000000000   0.9899237052   0.9898476772   0.9898464016   0.9898463716   0.9898463702   0.9898463716   
0.9898463716   0.9898464016   0.9898476772   0.9899237052   1.0000000000   0.9899237052   0.9898476772   0.9898464016   0.9898463716   0.9898463702   
0.9898463702   0.9898463716   0.9898464016   0.9898476772   0.9899237052   1.0000000000   0.9899237052   0.9898476772   0.9898464016   0.9898463716   
0.9898463716   0.9898463702   0.9898463716   0.9898464016   0.9898476772   0.9899237052   1.0000000000   0.9899237052   0.9898476772   0.9898464016   
0.9898464016   0.9898463716   0.9898463702   0.9898463716   0.9898464016   0.9898476772   0.9899237052   1.0000000000   0.9899237052   0.9898476772   
0.9898476772   0.9898464016   0.9898463716   0.9898463702   0.9898463716   0.9898464016   0.9898476772   0.9899237052   1.0000000000   0.9899237052   
0.9899237052   0.9898476772   0.9898464016   0.9898463716   0.9898463702   0.9898463716   0.9898464016   0.9898476772   0.9899237052   1.0000000000   
1.0000000000   0.9586962492   0.9574194252   0.9573294605   0.9573197157   0.9573183438   0.9573197157   0.9573294605   0.9574194252   0.9586962492   
0.9586962492   1.0000000000   0.9586962492   0.9574194252   0.9573294605   0.9573197157   0.9573183438   0.9573197157   0.9573294605   0.9574194252   
0.9574194252   0.9586962492   1.0000000000   0.9586962492   0.9574194252   0.9573294605   0.9573197157   0.9573183438   0.9573197157   0.9573294605   
0.9573294605   0.9574194252   0.9586962492   1.0000000000   0.9586962492   0.9574194252   0.9573294605   0.9573197157   0.9573183438   0.9573197157   
0.9573197157   0.9573294605   0.9574194252   0.9586962492   1.0000000000   0.9586962492   0.9574194252   0.9573294605   0.9573197157   0.9573183438   
0.9573183438   0.9573197157   0.9573294605   0.9574194252   0.9586962492   1.0000000000   0.9586962492   0.9574194252   0.9573294605   0.9573197157   
0.9573197157   0.9573183438   0.9573197157   0.9573294605   0.9574194252   0.9586962492   1.0000000000   0.9586962492   0.9574194252   0.9573294605   
0.9573294605   0.9573197157   0.9573183438   0.9573197157   0.9573294605   0.9574194252   0.9586962492   1.0000000000   0.9586962492   0.9574194252   
0.9574194252   0.9573294605   0.9573197157   0.9573183438   0.9573197157   0.9573294605   0.9574194252   0.9586962492   1.0000000000   0.9586962492   
0.9586962492   0.9574194252   0.9573294605   0.9573197157   0.9573183438   0.9573197157   0.9573294605   0.9574194252   0.9586962492   1.0000000000   
1.0000000000   0.9019880404   0.8946361734   0.8933310439   0.8929965516   0.8929209101   0.8929965516   0.8933310439   0.8946361734   0.9019880404   
0.9019880404   1.0000000000   0.9019880404   0.8946361734   0.8933310439   0.8929965516   0.8929209101   0.8929965516   0.8933310439   0.8946361734   
0.8946361734   0.9019880404   1.0000000000   0.9019880404   0.8946361734   0.8933310439   0.8929965516   0.8929209101   0.8929965516   0.8933310439   
0.8933310439   0.8946361734   0.9019880404   1.0000000000   0.9019880404   0.8946361734   0.8933310439   0.8929965516   0.8929209101   0.8929965516   
0.8929965516   0.8933310439   0.8946361734   0.9019880404   1.0000000000   0.9019880404   0.8946361734   0.8933310439   0.8929965516   0.8929209101   
0.8929209101   0.8929965516   0.8933310439   0.8946361734   0.9019880404   1.0000000000   0.9019880404   0.8946361734   0.8933310439   0.8929965516   
0.8929965516   0.8929209101   0.8929965516   0.8933310439   0.8946361734   0.9019880404   1.0000000000   0.9019880404   0.8946361734   0.8933310439   
0.8933310439   0.8929965516   0.8929209101   0.8929965516   0.8933310439   0.8946361734   0.9019880404   1.0000000000   0.9019880404   0.8946361734   
0.8946361734   0.8933310439   0.8929965516   0.8929209101   0.8929965516   0.8933310439   0.8946361734   0.9019880404   1.0000000000   0.9019880404   
0.9019880404   0.8946361734   0.8933310439   0.8929965516   0.8929209101   0.8929965516   0.8933310439   0.8946361734   0.9019880404   1.0000000000   
1.0000000000   0.8030199836   0.7725577006   0.7622644924   0.7581088655   0.7569454307   0.7581088655   0.7622644924   0.7725577006   0.8030199836   
0.8030199836   1.0000000000   0.8030199836   0.7725577006   0.7622644924   0.7581088655   0.7569454307   0.7581088655   0.7622644924   0.7725577006   
0.7725577006   0.8030199836   1.0000000000   0.8030199836   0.7725577006   0.7622644924   0.7581088655   0.7569454307   0.7581088655   0.7622644924   
0.7622644924   0.7725577006   0.8030199836   1.0000000000   0.8030199836   0.7725577006   0.7622644924   0.7581088655   0.7569454307   0.7581088655   
0.7581088655   0.7622644924   0.7725577006   0.8030199836   1.0000000000   0.8030199836   0.7725577006   0.7622644924   0.7581088655   0.7569454307   
0.7569454307   0.7581088655   0.7622644924   0.7725577006   0.8030199836   1.0000000000   0.8030199836   0.7725577006   0.7622644924   0.7581088655   
0.7581088655   0.7569454307   0.7581088655   0.7622644924   0.7725577006   0.8030199836   1.0000000000   0.8030199836   0.7725577006   0.7622644924   
0.7622644924   0.7581088655   0.7569454307   0.7581088655   0.7622644924   0.7725577006   0.8030199836   1.0000000000   0.8030199836   0.7725577006   
0.7725577006   0.7622644924   0.7581088655   0.7569454307   0.7581088655   0.7622644924   0.7725577006   0.8030199836   1.0000000000   0.8030199836   
0.8030199836   0.7725577006   0.7622644924   0.7581088655   0.7569454307   0.7581088655   0.7622644924   0.7725577006   0.8030199836   1.0000000000   
1.0000000000   0.6392453221   0.5494404627   0.5082522658   0.4884132199   0.4824000427   0.4884132199   0.5082522658   0.5494404627   0.6392453221   
0.6392453221   1.0000000000   0.6392453221   0.5494404627   0.5082522658   0.4884132199   0.4824000427   0.4884132199   0.5082522658   0.5494404627   
0.5494404627   0.6392453221   1.0000000000   0.6392453221   0.5494404627   0.5082522658   0.4884132199   0.4824000427   0.4884132199   0.5082522658   
0.5082522658   0.5494404627   0.6392453221   1.0000000000   0.6392453221   0.5494404627   0.5082522658   0.4884132199   0.4824000427   0.4884132199   
0.4884132199   0.5082522658   0.5494404627   0.6392453221   1.0000000000   0.6392453221   0.5494404627   0.5082522658   0.4884132199   0.4824000427   
0.4824000427   0.4884132199   0.5082522658   0.5494404627   0.6392453221   1.0000000000   0.6392453221   0.5494404627   0.5082522658   0.4884132199   
0.4884132199   0.4824000427   0.4884132199   0.5082522658   0.5494404627   0.6392453221   1.0000000000   0.6392453221   0.5494404627   0.5082522658   
0.5082522658   0.4884132199   0.4824000427   0.4884132199   0.5082522658   0.5494404627   0.6392453221   1.0000000000   0.6392453221   0.5494404627   
0.5494404627   0.5082522658   0.4884132199   0.4824000427   0.4884132199   0.5082522658   0.5494404627   0.6392453221   1.0000000000   0.6392453221   
0.6392453221   0.5494404627   0.5082522658   0.4884132199   0.4824000427   0.4884132199   0.5082522658   0.5494404627   0.6392453221   1.0000000000   
1.0000000000   0.4857986976   0.3402568914   0.2702781543   0.2359604234   0.2254964704   0.2359604234   0.2702781543   0.3402568914   0.4857986976   
0.4857986976   1.0000000000   0.4857986976   0.3402568914   0.2702781543   0.2359604234   0.2254964704   0.2359604234   0.2702781543   0.3402568914   
0.3402568914   0.4857986976   1.0000000000   0.4857986976   0.3402568914   0.2702781543   0.2359604234   0.2254964704   0.2359604234   0.2702781543   
0.2702781543   0.3402568914   0.4857986976   1.0000000000   0.4857986976   0.3402568914   0.2702781543   0.2359604234   0.2254964704   0.2359604234   
0.2359604234   0.2702781543   0.3402568914   0.4857986976   1.0000000000   0.4857986976   0.3402568914   0.2702781543   0.2359604234   0.2254964704   
0.2254964704   0.2359604234   0.2702781543   0.3402568914   0.4857986976   1.0000000000   0.4857986976   0.3402568914   0.2702781543   0.2359604234   
0.2359604234   0.2254964704   0.2359604234   0.2702781543   0.3402568914   0.4857986976   1.0000000000   0.4857986976   0.3402568914   0.2702781543   
0.2702781543   0.2359604234   0.2254964704   0.2359604234   0.2702781543   0.3402568914   0.4857986976   1.0000000000   0.4857986976   0.3402568914   
0.3402568914   0.2702781543   0.2359604234   0.2254964704   0.2359604234   0.2702781543   0.3402568914   0.4857986976   1.0000000000   0.4857986976   
0.4857986976   0.3402568914   0.2702781543   0.2359604234   0.2254964704   0.2359604234   0.2702781543   0.3402568914   0.4857986976   1.0000000000   
1.0000000000   0.3920270353   0.2252611278   0.1493488445   0.1138032346   0.1032401087   0.1138032346   0.1493488445   0.2252611278   0.3920270353   
0.3920270353   1.0000000000   0.3920270353   0.2252611278   0.1493488445   0.1138032346   0.1032401087   0.1138032346   0.1493488445   0.2252611278   
0.2252611278   0.3920270353   1.0000000000   0.3920270353   0.2252611278   0.1493488445   0.1138032346   0.1032401087   0.1138032346   0.1493488445   
0.1493488445   0.2252611278   0.3920270353   1.0000000000   0.3920270353   0.2252611278   0.1493488445   0.1138032346   0.1032401087   0.1138032346   
0.1138032346   0.1493488445   0.2252611278   0.3920270353   1.0000000000   0.3920270353   0.2252611278   0.1493488445   0.1138032346   0.1032401087   
0.1032401087   0.1138032346   0.1493488445   0.2252611278   0.3920270353   1.0000000000   0.3920270353   0.2252611278   0.1493488445   0.1138032346   
0.1138032346   0.1032401087   0.1138032346   0.1493488445   0.2252611278   0.3920270353   1.0000000000   0.3920270353   0.2252611278   0.1493488445   
0.1493488445   0.1138032346   0.1032401087   0.1138032346   0.1493488445   0.2252611278   0.3920270353   1.0000000000   0.3920270353   0.2252611278   
0.2252611278   0.1493488445   0.1138032346   0.1032401087   0.1138032346   0.1493488445   0.2252611278   0.3920270353   1.0000000000   0.3920270353   
0.3920270353   0.2252611278   0.1493488445   0.1138032346   0.1032401087   0.1138032346   0.1493488445   0.2252611278   0.3920270353   1.0000000000   
1.0000000000   0.3326683781   0.1627195825   0.0915794534   0.0604675203   0.0515698966   0.0604675203   0.0915794534   0.1627195825   0.3326683781   
0.3326683781   1.0000000000   0.3326683781   0.1627195825   0.0915794534   0.0604675203   0.0515698966   0.0604675203   0.0915794534   0.1627195825   
0.1627195825   0.3326683781   1.0000000000   0.3326683781   0.1627195825   0.0915794534   0.0604675203   0.0515698966   0.0604675203   0.0915794534   
0.0915794534   0.1627195825   0.3326683781   1.0000000000   0.3326683781   0.1627195825   0.0915794534   0.0604675203   0.0515698966   0.0604675203   
0.0604675203   0.0915794534   0.1627195825   0.3326683781   1.0000000000   0.3326683781   0.1627195825   0.0915794534   0.0604675203   0.0515698966   
0.0515698966   0.0604675203   0.0915794534   0.1627195825   0.3326683781   1.0000000000   0.3326683781   0.1627195825   0.0915794534   0.0604675203   
0.0604675203   0.0515698966   0.0604675203   0.0915794534   0.1627195825   0.3326683781   1.0000000000   0.3326683781   0.1627195825   0.0915794534   
0.0915794534   0.0604675203   0.0515698966   0.0604675203   0.0915794534   0.1627195825   0.3326683781   1.0000000000   0.3326683781   0.1627195825   
0.1627195825   0.0915794534   0.0604675203   0.0515698966   0.0604675203   0.0915794534   0.1627195825   0.3326683781   1.0000000000   0.3326683781   
0.3326683781   0.1627195825   0.0915794534   0.0604675203   0.0515698966   0.0604675203   0.0915794534   0.1627195825   0.3326683781   1.0000000000   
1.0000000000   0.2907520045   0.1245082788   0.0608917042   0.0350879969   0.0280248116   0.0350879969   0.0608917042   0.1245082788   0.2907520045   
0.2907520045   1.0000000000   0.2907520045   0.1245082788   0.0608917042   0.0350879969   0.0280248116   0.0350879969   0.0608917042   0.1245082788   
0.1245082788   0.2907520045   1.0000000000   0.2907520045   0.1245082788   0.0608917042   0.0350879969   0.0280248116   0.0350879969   0.0608917042   
0.0608917042   0.1245082788   0.2907520045   1.0000000000   0.2907520045   0.1245082788   0.0608917042   0.0350879969   0.0280248116   0.0350879969   
0.0350879969   0.0608917042   0.1245082788   0.2907520045   1.0000000000   0.2907520045   0.1245082788   0.0608917042   0.0350879969   0.0280248116   
0.0280248116   0.0350879969   0.0608917042   0.1245082788   0.2907520045   1.0000000000   0.2907520045   0.1245082788   0.0608917042   0.0350879969   
0.0350879969   0.0280248116   0.0350879969   0.0608917042   0.1245082788   0.2907520045   1.0000000000   0.2907520045   0.1245082788   0.0608917042   
0.0608917042   0.0350879969   0.0280248116   0.0350879969   0.0608917042   0.1245082788   0.2907520045   1.0000000000   0.2907520045   0.1245082788   
0.1245082788   0.0608917042   0.0350879969   0.0280248116   0.0350879969   0.0608917042   0.1245082788   0.2907520045   1.0000000000   0.2907520045   
0.2907520045   0.1245082788   0.0608917042   0.0350879969   0.0280248116   0.0350879969   0.0608917042   0.1245082788   0.2907520045   1.0000000000   
1.0000000000   0.2589695682   0.0989546668   0.0428820064   0.0218090997   0.0163008058   0.0218090997   0.0428820064   0.0989546668   0.2589695682   
0.2589695682   1.0000000000   0.2589695682   0.0989546668   0.0428820064   0.0218090997   0.0163008058   0.0218090997   0.0428820064   0.0989546668   
0.0989546668   0.2589695682   1.0000000000   0.2589695682   0.0989546668   0.0428820064   0.0218090997   0.0163008058   0.0218090997   0.0428820064   
0.0428820064   0.0989546668   0.2589695682   1.0000000000   0.2589695682   0.0989546668   0.0428820064   0.0218090997   0.0163008058   0.0218090997   
0.0218090997   0.0428820064   0.0989546668   0.2589695682   1.0000000000   0.2589695682   0.0989546668   0.0428820064   0.0218090997   0.0163008058   
0.0163008058   0.0218090997   0.0428820064   0.0989546668   0.2589695682   1.0000000000   0.2589695682   0.0989546668   0.0428820064   0.0218090997   
0.0218090997   0.0163008058   0.0218090997   0.0428820064   0.0989546668   0.2589695682   1.0000000000   0.2589695682   0.0989546668   0.0428820064   
0.0428820064   0.0218090997   0.0163008058   0.0218090997   0.0428820064   0.0989546668   0.2589695682   1.0000000000   0.2589695682   0.0989546668   
0.0989546668   0.0428820064   0.0218090997   0.0163008058   0.0218090997   0.0428820064   0.0989546668   0.2589695682   1.0000000000   0.2589695682   
0.2589695682   0.0989546668   0.0428820064   0.0218090997   0.0163008058   0.0218090997   0.0428820064   0.0989546668   0.2589695682   1.0000000000   
