1.0000000000   0.6320000000   0.5100000000   0.5040000000   0.4580000000   0.4720000000   0.4440000000   0.4740000000   0.5240000000   0.6120000000   
0.6320000000   1.0000000000   0.6100000000   0.5120000000   0.5100000000   0.5080000000   0.4680000000   0.5020000000   0.5120000000   0.4880000000   
0.5100000000   0.6100000000   1.0000000000   0.6420000000   0.5680000000   0.5100000000   0.4940000000   0.5240000000   0.5220000000   0.4540000000   
0.5040000000   0.5120000000   0.6420000000   1.0000000000   0.6340000000   0.5520000000   0.5160000000   0.5100000000   0.5200000000   0.4360000000   
0.4580000000   0.5100000000   0.5680000000   0.6340000000   1.0000000000   0.5940000000   0.5340000000   0.5160000000   0.5020000000   0.4620000000   
0.4720000000   0.5080000000   0.5100000000   0.5520000000   0.5940000000   1.0000000000   0.6040000000   0.5740000000   0.5440000000   0.4920000000   
0.4440000000   0.4680000000   0.4940000000   0.5160000000   0.5340000000   0.6040000000   1.0000000000   0.6340000000   0.5360000000   0.4680000000   
0.4740000000   0.5020000000   0.5240000000   0.5100000000   0.5160000000   0.5740000000   0.6340000000   1.0000000000   0.6460000000   0.5180000000   
0.5240000000   0.5120000000   0.5220000000   0.5200000000   0.5020000000   0.5440000000   0.5360000000   0.6280000000   1.0000000000   0.6140000000   
0.6100000000   0.5200000000   0.4820000000   0.4420000000   0.4520000000   0.4780000000   0.4880000000   0.4780000000   0.6140000000   1.0000000000   
